joint_trajectory:
  points:
    - positions: [0.04173075374042539, -1.357193617931213, 0.7354484778495018, -3.096762955293877, 0.2895284274196693, -0.03914794236842029, 0.4483371750666607, -3.141592167962625]
      time_from_start: 0
    - time_from_start: 0
      positions: [0.1580957667276452, -0.8759416147374174, 0.8293092481304187, -3.050479448650793, 0.3657824682146772, 0.1520911997447099, 0.200115849321049, 2.808010144107234]
    - positions: [0.2005744116107467, 1.310878886757418, 0.9779445002884604, 1.897590393657467, 0.6152679982008413, 2.937763327843517, -0.6595652104541661, -2.660331378298407]
      time_from_start: 0
    - time_from_start: 0
      positions: [0.3686748017845066, -1.605599665724079, -0.03665388665293649, -2.737902475323492, -1.810068136737057, 2.938289883994292, -1.682964789272981, -0.4344552115982535]
  header:
    frame_id: base_link
  joint_names: [torso_lift_joint, shoulder_pan_joint, shoulder_lift_joint, upperarm_roll_joint, elbow_flex_joint, forearm_roll_joint, wrist_flex_joint, wrist_roll_joint]