[problem]
name = Barriers
robot = 2D/Barriers_easy_robot.dae
world = 2D/Barriers_easy_env.dae
start.x = 34.81
start.y = -75.0
start.theta = 0.0
goal.x = 620.0
goal.y = -375.0
goal.theta = -3.141592653589793
volume.min.x = 0.0
volume.min.y = -440.22998046875
volume.max.x = 661.0222778320312
volume.max.y = 0.4874267578125